25 0.0940469 0.188763 0.207687 0.0921326 0.299766 0.0786559 0.344828 0.0269713 0.364422 0.060681 0.513328 0.101129 0.585828 0.175287 0.6015 0.2 0.579937 0.226971 0.352672 0.226971 0.352672 0.292133 0.335031 0.296631 0.319359 0.292133 0.319359 0.251685 0.317406 0.229211 0.0862031 0.23595 0.0587812 0.208996 0.0803281 0.188763
0 0.416844 0.661344 0.428312 0.708351 0.419297 0.737509 0.4275 0.773244 0.438969 0.798638 0.431594 0.807097 0.429953 0.825914 0.433234 0.833441 0.445531 0.880448 0.444719 0.933118 0.452094 0.947222 0.457016 0.953799 0.461109 0.969785 0.457828 0.998011 0.414375 0.999892 0.412734 0.982025 0.419297 0.948154 0.419297 0.937814 0.397156 0.88328 0.383219 0.84095 0.347969 0.842832 0.340578 0.8419 0.342219 0.808978 0.339766 0.794875 0.326641 0.842832 0.315172 0.851308 0.315172 0.880448 0.312703 0.938763 0.315172 0.959444 0.320906 0.981075 0.324187 1 0.249578 0.999892 0.246297 0.981075 0.250391 0.973548 0.265969 0.967903 0.280734 0.936882 0.266797 0.855054 0.262688 0.843781 0.256953 0.812742 0.253672 0.771362 0.256141 0.765717 0.252031 0.746918 0.243828 0.738459 0.258594 0.720573 0.261875 0.655699 0.268437 0.592688 0.271719 0.569176 0.279906 0.508047 0.263516 0.531559 0.242188 0.571989 0.197922 0.625609 0.185625 0.644409 0.185625 0.651935 0.177484 0.677957 0.171328 0.678746 0.167219 0.672849 0.157281 0.685806 0.150781 0.686201 0.149406 0.681487 0.14325 0.686201 0.138109 0.683835 0.141187 0.674032 0.139484 0.673638 0.133313 0.683065 0.128531 0.674427 0.135375 0.652832 0.144953 0.642222 0.126469 0.626129 0.127844 0.620627 0.128531 0.617097 0.156938 0.615914 0.169609 0.613548 0.200766 0.558584 0.227813 0.496935 0.238766 0.476523 0.249031 0.43371 0.256219 0.410556 0.276766 0.396022 0.291828 0.383065 0.293891 0.379928 0.289438 0.375215 0.282594 0.372061 0.279156 0.359892 0.282594 0.350466 0.282594 0.331237 0.286687 0.319444 0.294906 0.299821 0.312031 0.287258 0.329828 0.29 0.345234 0.301004 0.350375 0.321416 0.350375 0.331237 0.353453 0.339875 0.347641 0.357545 0.346609 0.358333 0.346953 0.37129 0.383578 0.382276 0.403438 0.396022 0.408578 0.407796 0.412687 0.412903 0.408234 0.463566 0.408234 0.484373 0.408922 0.556237 0.408234 0.561326 0.408922 0.581362 0.404469 0.594319 0.404812 0.598638 0.406516 0.602957 0.411313 0.621022 0.412 0.631219 0.410969 0.632007 0.415078 0.637903 0.423297 0.64733 0.416797 0.654785
0 0.0677188 0.37491 0.0671719 0.367849 0.0670469 0.362832 0.0671719 0.359534 0.0677188 0.354821 0.0678594 0.351541 0.0667656 0.349337 0.0658125 0.346201 0.0641719 0.343369 0.0630781 0.341022 0.0615625 0.340699 0.060875 0.342115 0.0599219 0.344785 0.059375 0.346989 0.0592344 0.350591 0.0596563 0.354821 0.0606094 0.359857 0.0619844 0.364086 0.0615625 0.368799 0.0615625 0.373351 0.0642969 0.376953 0.0667656 0.376487
0 0.140891 0.366971 0.140203 0.354785 0.138141 0.350072 0.137125 0.346541 0.137125 0.339086 0.127531 0.337509 0.125484 0.344982 0.127188 0.358728 0.126156 0.371685
0 0.560047 0.651756 0.545687 0.569409 0.562109 0.517652 0.586719 0.661183 0.560047 0.651756 0.56825 0.66353 0.541594 0.70353 0.525172 0.701183 0.539531 0.672939 0.531328 0.651756 0.539531 0.611756 0.56825 0.66353
0 0.00979688 0.338029 0.00979688 0.338029 0.014125 0.34638 0.0134375 0.351362 0.0134375 0.355538 0.0104844 0.356846 0.00592188 0.356057 0.00592188 0.349516 0.00592188 0.349516 0.00523438 0.342724 0.00523438 0.342724 0.003875 0.33672 0.006375 0.334892 0.0095625 0.33672 0.0095625 0.33672
0 0.0235938 0.357688 0.0236875 0.361541 0.0148594 0.361057 0.016875 0.356452 0.0172187 0.353835 0.0184687 0.353065 0.0202344 0.353369 0.0215 0.35491 0.0220781 0.356254
25 0.812359 0.355108 0.797484 0.359785 0.791734 0.356756 0.799406 0.319086
25 0.732859 0.337599 0.714156 0.328315 0.735891 0.3231 0.748031 0.324265 0.761672 0.332384 0.759656 0.336434 0.740953 0.339337 0.739437 0.348029 0.734375 0.34862
25 0.760016 0.369462 0.744141 0.368477 0.736422 0.367975 0.726562 0.362563 0.732141 0.356667 0.743719 0.35371 0.753594 0.355681 0.762172 0.360591 0.770328 0.369462
25 0.576438 0.350072 0.571391 0.349642 0.567656 0.348799 0.570266 0.341935 0.580734 0.335305 0.591938 0.340215 0.594172 0.345358 0.591938 0.350932 0.576438 0.349857
25 0.541891 0.352401 0.526391 0.355197 0.517047 0.353047 0.519281 0.349409 0.5305 0.34405 0.537969 0.342133 0.544312 0.347491
25 0.521609 0.328351 0.515297 0.326541 0.506437 0.325269 0.506437 0.323459 0.514031 0.321452 0.515453 0.319462 0.529516 0.320556 0.533469 0.322186 0.534266 0.322724 0.535062 0.323262 0.534109 0.325806 0.530469 0.327993 0.525734 0.328351
25 0.693766 0.354821 0.717187 0.356308 0.710672 0.3481 0.700922 0.3481
25 0.786609 0.362527 0.775234 0.363692 0.7655 0.363692 0.762859 0.356953 0.773203 0.354158 0.786 0.353925 0.790656 0.353925 0.788828 0.361147
25 0.801594 0.359086 0.811953 0.355502 0.811781 0.352115 0.820984 0.349659 0.827562 0.349283 0.829703 0.351362 0.830359 0.363996 0.804875 0.361541 0.801422 0.359283
25 0.0921875 0.343871 0.113234 0.345896 0.126578 0.346075 0.122125 0.342509 0.114562 0.338423 0.109531 0.33672 0.105078 0.334857 0.101234 0.335197 0.0967812 0.33672 0.0927813 0.340466
25 0.423344 0.355394 0.390094 0.35 0.389641 0.34767 0.400203 0.344068 0.409859 0.342258 0.415922 0.341738 0.419297 0.344588
25 0.619062 0.346201 0.625781 0.343996 0.630094 0.340968 0.631281 0.339875 0.634406 0.339875 0.648313 0.348118 0.645906 0.351416 0.642797 0.349498 0.638234 0.349498 0.635125 0.349229
0 0.439687 0.390538 0.449797 0.376022 0.435891 0.37457 0.416906 0.335394 0.419438 0.317993 0.413109 0.29767 0.448531 0.270108 0.473844 0.281703 0.485219 0.275914 0.496609 0.299122 0.481438 0.323799 0.489016 0.362975 0.489016 0.377473 0.537094 0.402151 0.562391 0.474695 0.562391 0.510968 0.548484 0.525484 0.540891 0.563208 0.544687 0.590771 0.533297 0.603835 0.537094 0.622706 0.530766 0.672043 0.515594 0.702509 0.514328 0.777957 0.515594 0.859211 0.534563 0.991254 0.528234 0.998513 0.511797 0.999964 0.489016 0.85776 0.48775 0.994158 0.453594 0.984014 0.452328 0.95353 0.458656 0.917258 0.452328 0.792473 0.442219 0.775054 0.429563 0.670591 0.430828 0.634301 0.422984 0.59586 0.426469 0.559821 0.4125 0.541129 0.409016 0.499731 0.4125 0.415609 0.419484 0.394247 0.441609 0.387581
0 0.211563 0.392384 0.211563 0.377706 0.211937 0.365627 0.211188 0.356559 0.212703 0.35224 0.211188 0.346631 0.207437 0.345341 0.205922 0.35181 0.202922 0.352688 0.201781 0.363907 0.201781 0.369946 0.204047 0.373817 0.204422 0.392384 0.207437 0.393674 0.210437 0.392814
