58 0.460219 0.44555 0.462109 0.433583 0.458313 0.425621 0.456031 0.41993 0.451859 0.425621 0.454516 0.413653 0.454891 0.413091 0.453 0.404543 0.456797 0.400562 0.458313 0.392014 0.458313 0.385738 0.461359 0.378337 0.459625 0.369742 0.457266 0.365433 0.459094 0.359953 0.459625 0.352108 0.460672 0.349766 0.459625 0.338407 0.464594 0.336042 0.467719 0.338009 0.468516 0.334871 0.472172 0.328993 0.475562 0.331335 0.474781 0.339578 0.474781 0.344262 0.477656 0.349766 0.477141 0.35445 0.474266 0.357986 0.472953 0.362295 0.471641 0.368173 0.471125 0.371686 0.472438 0.37445 0.475047 0.372084 0.475562 0.370515 0.478437 0.369344 0.480266 0.372881 0.481063 0.372881 0.484984 0.371311 0.488641 0.374052 0.489156 0.381499 0.486547 0.384239 0.488641 0.387752 0.491781 0.390117 0.490984 0.395199 0.482359 0.395597 0.480016 0.397166 0.479484 0.402646 0.482891 0.406956 0.480797 0.415574 0.47975 0.417939 0.475562 0.424192 0.473734 0.426932 0.475312 0.432412 0.474266 0.43281 0.48 0.443724 0.479109 0.453489 0.478219 0.461475 0.474375 0.465035 0.465188 0.469906 0.461641 0.469016 0.460156 0.4637 0.461641 0.457494 0.461938 0.454824 0.460453 0.452155 0.457203 0.45082 0.456016 0.446838 0.457203 0.445059 0.458672 0.444614 0.459562 0.443279
58 0.415547 0.467916 0.423187 0.469602 0.431984 0.468759 0.433672 0.46281 0.435953 0.450492 0.434531 0.445386 0.428859 0.441148 0.426312 0.434778 0.426312 0.423302 0.426594 0.413958 0.428578 0.400351 0.428578 0.39356 0.42575 0.388478 0.42575 0.377002 0.426594 0.365105 0.428578 0.361288 0.425172 0.357447 0.419797 0.375714 0.415547 0.382529 0.411859 0.376581 0.410719 0.381663 0.409297 0.399087 0.409594 0.408852 0.407313 0.411827 0.411281 0.419344 0.412984 0.42445 0.412984 0.431663 0.416672 0.431663 0.418656 0.432927 0.417812 0.441429 0.409594 0.44185 0.409594 0.446534 0.407891 0.44993 0.408734 0.458431 0.411859 0.464379 0.416953 0.467775
62 0.627953 0.373958 0.625641 0.345082 0.533141 0.335831 0.530062 0.462904 0.621781 0.495246 0.635656 0.480234 0.634109 0.425948 0.607906 0.422482 0.604047 0.38897 0.621016 0.386674 0.620234 0.373958
56 0.414109 0.856674 0.395422 0.826511 0.383922 0.779087 0.378172 0.71445 0.382484 0.712295 0.382484 0.707963 0.490328 0.66918 0.493203 0.695035 0.514766 0.679953 0.524828 0.654098 0.514766 0.651944 0.524828 0.617447 0.524828 0.557119 0.517641 0.544192 0.478828 0.554965 0.452937 0.563583 0.412672 0.567892 0.406922 0.572201 0.405484 0.626089 0.405484 0.651944 0.379609 0.654098 0.358031 0.656253 0.336469 0.671335 0.333594 0.686417 0.335031 0.781241 0.337906 0.80281 0.391109 0.867447 0.414109 0.856674 0.416984 0.860984 0.493203 0.820047 0.509016 0.807119 0.475953 0.776932 0.461562 0.779087 0.491766 0.813583 0.416984 0.845902 0.415547 0.845902 0.416984 0.860984
56 0.446469 0.942506 0.43275 0.921944 0.410297 0.905105 0.415281 0.884543 0.395313 0.813489 0.385344 0.796651 0.381609 0.712506 0.488891 0.671358 0.511359 0.772319 0.520094 0.792904 0.506359 0.813489 0.482656 0.832178 0.480156 0.873302 0.490141 0.901358 0.516344 0.935035 0.527578 0.948103 0.486406 0.961194 0.455203 0.942506 0.442734 0.936909
56 0.773359 0.85089 0.800812 0.800398 0.824516 0.733044 0.868188 0.774192 0.891891 0.832178 0.849469 0.949977 0.832 0.968689 0.841984 0.98178 0.804562 0.989251 0.694766 0.98178 0.753406 0.955597 0.785844 0.91445 0.782094 0.878923 0.774609 0.852763
56 0.740672 0.571803 0.750766 0.576136 0.768062 0.610703 0.768062 0.608525 0.7695 0.662529 0.760859 0.714356 0.757969 0.768361 0.753641 0.792108 0.743563 0.783466 0.681594 0.759719 0.638375 0.781311 0.635484 0.759719 0.64125 0.722998 0.635484 0.684122 0.642687 0.662529 0.645578 0.651733 0.657094 0.649578 0.671516 0.660375 0.678719 0.669016 0.691688 0.664684 0.703219 0.638759 0.721953 0.615012
57 0.258828 0.619602 0.148109 0.729532 0.149547 0.764005 0.142359 0.766159 0.139484 0.727377 0.0877187 0.727377 0.0833906 0.671335 0.0675781 0.643326 0.0532031 0.641171 0.0546406 0.600211 0.0359531 0.585129 0.023 0.589438 0.0244375 0.559274 0.0302031 0.53555 0.119344 0.505386 0.179734 0.475222 0.185484 0.470913 0.207063 0.485995 0.228625 0.481686 0.257391 0.501077 0.267453 0.507541 0.276078 0.550656 0.280391 0.572201 0.274641 0.593747 0.251641 0.623911
60 0.485359 0.881756 0.495875 0.908782 0.525938 0.942576 0.542469 0.956089 0.571016 0.976347 0.628125 0.987611 0.677703 0.989859 0.727297 0.989859 0.767859 0.962834 0.781391 0.920047 0.781391 0.884005 0.781391 0.836721 0.767859 0.818689 0.746828 0.798431 0.719781 0.787166 0.70175 0.784918 0.680719 0.775902 0.661172 0.775902 0.629625 0.764637 0.605578 0.760141 0.568016 0.764637 0.568016 0.766885 0.549984 0.77815 0.528937 0.787166 0.513922 0.796183 0.497391 0.809696 0.483859 0.83897 0.480859 0.850234 0.485359 0.870492 0.485359 0.875012 0.485359 0.884005
75 0.686719 0.632131 0.684594 0.624707 0.684594 0.611944 0.686719 0.595995 0.686719 0.575808 0.688141 0.564098 0.691688 0.556674 0.693109 0.556674 0.697359 0.556674 0.703734 0.557728 0.706578 0.56623 0.703734 0.580047 0.703031 0.593864 0.703031 0.603443 0.703031 0.619391 0.703031 0.626815 0.690266 0.635316 0.688844 0.635316
75 0.602031 0.784614 0.596109 0.844098 0.597594 0.857845 0.606187 0.86185 0.626016 0.859625 0.627797 0.8574 0.625734 0.782389 0.612109 0.777073
39 0.667547 0.209555 0.674984 0.234075 0.674438 0.237119 0.671469 0.241382 0.667953 0.246628 0.664156 0.247658 0.659438 0.253934 0.656594 0.25171 0.654422 0.239742 0.654031 0.233068 0.658219 0.21726 0.659703 0.209555 0.661594 0.17897 0.666188 0.178361 0.666469 0.204098
39 0.659328 0.188454 0.658531 0.211124 0.654938 0.227237 0.654547 0.239742 0.654547 0.256464 0.648578 0.257049 0.645797 0.234379 0.651766 0.21829 0.654547 0.198009 0.65375 0.18726 0.659328 0.184169
45 0.923906 0.0807494 0.940328 0.118782 0.962719 0.163536 0.944812 0.248548 0.911969 0.288806 0.904516 0.282084 0.891078 0.2463 0.885109 0.188126 0.886594 0.13445 0.901531 0.0941686
45 1 0.301452 0.990453 0.3 0.974812 0.310258 0.959656 0.351288 0.953797 0.431897 0.959656 0.492717 0.97775 0.532998 0.993875 0.532998 1 0.532998
45 0.838391 0.287002 0.848797 0.274333 0.857266 0.283115 0.870281 0.298712 0.8755 0.312389 0.876797 0.373864 0.867688 0.403138 0.858563 0.42267 0.85075 0.433396 0.839031 0.433396 0.832516 0.415831 0.829922 0.391429 0.831219 0.335808 0.839687 0.286042
58 0.699719 0.633934 0.689266 0.631686 0.682797 0.613044 0.681312 0.595878 0.690266 0.58918 0.689266 0.56082 0.686781 0.550375 0.681312 0.542178 0.669859 0.520539 0.670859 0.519063 0.677828 0.519063 0.683297 0.513841 0.69275 0.529508 0.687781 0.501148 0.680813 0.48623 0.679312 0.47356 0.690766 0.47281 0.695234 0.483255 0.714156 0.488478 0.712656 0.500398 0.702703 0.501897 0.715141 0.51459 0.714656 0.524286 0.706187 0.522037 0.705187 0.533232 0.705688 0.554848 0.699719 0.558595 0.700453 0.590258 0.704047 0.603677 0.702766 0.619016
58 0.604141 0.784239 0.599156 0.789461 0.596172 0.805129 0.596172 0.820796 0.596672 0.828993 0.594187 0.842412 0.598172 0.85808 0.606125 0.862553 0.613094 0.864052 0.615078 0.861827 0.620563 0.856604 0.626531 0.852108 0.626031 0.83719 0.624047 0.826019 0.623047 0.812576 0.625047 0.799906 0.625047 0.789461 0.623047 0.777518 0.618078 0.761874 0.621563 0.752904 0.626031 0.758126 0.637484 0.758876 0.636484 0.752904 0.643953 0.752178 0.648922 0.751429 0.654906 0.743208 0.650922 0.731288 0.645937 0.723068 0.642953 0.710398 0.633 0.691007 0.626031 0.670867 0.611109 0.66192 0.599156 0.656698 0.583734 0.661171 0.573281 0.671616 0.567812 0.677564 0.563328 0.682787 0.559344 0.693981 0.565312 0.708899 0.564328 0.723068 0.564328 0.729789 0.565312 0.738735 0.584234 0.73726 0.584234 0.751429 0.587219 0.757377 0.587719 0.769321 0.600156 0.769321 0.609109 0.768571 0.613594 0.772295 0.607125 0.784988
56 0.4225 1 0.398422 0.973419 0.38425 0.930937 0.37575 0.888478 0.37575 0.865129 0.389922 0.88637 0.442328 0.930937 0.484828 0.967049 0.518813 0.986136 0.530156 0.984028 0.530156 1 0.423922 0.996768
