11 0.46096 0.146066 0.41158 0.235946 0.41756 0.393273 0.45198 0.442703 0.47144 0.431471 0.4879 0.438198 0.50138 0.487628 0.54478 0.483153 0.57022 0.458438 0.56274 0.435946 0.58518 0.404505 0.59716 0.402252 0.59716 0.35955 0.6241 0.33033 0.65852 0.346066 0.63158 0.222462 0.56872 0.128078 0.45946 0.139339
26 0.15078 0.357387 0.1481 0.394024 0.14944 0.421622 0.14542 0.425135 0.14174 0.41961 0.13708 0.416607 0.14174 0.351381 0.14074 0.346366 0.1461 0.346366 0.14876 0.353393 0.1511 0.356396
0 0.513 0.5597 0.534 0.501141 0.5625 0.46961 0.5805 0.444835 0.597 0.431321 0.603 0.424565 0.6015 0.397538 0.6015 0.359249 0.618 0.341231 0.645 0.334474 0.6555 0.352492 0.6585 0.370511 0.6585 0.393033 0.6585 0.404294 0.657 0.424565 0.651 0.444835 0.6525 0.467357 0.6555 0.474114 0.666 0.48988 0.6735 0.516907 0.672 0.557447 0.6675 0.575435 0.681 0.588979 0.684 0.609249 0.681 0.629489 0.675 0.647538 0.666 0.654294 0.6615 0.654294 0.66 0.679069 0.666 0.697087 0.6735 0.708348 0.675 0.735375 0.6735 0.73988 0.6375 0.76012 0.6225 0.726366 0.606 0.701592 0.576 0.688078 0.582 0.654294 0.582 0.625015 0.582 0.597988 0.576 0.577718 0.5625 0.557447 0.549 0.548438
0 0.4026 0.986517 0.4011 0.934835 0.446 0.755045 0.51184 0.694384 0.4894 0.658438 0.4864 0.577538 0.54626 0.543814 0.58218 0.588769 0.5732 0.687628 0.61512 0.712372 0.63606 0.757297 0.61062 0.788769 0.60614 0.842703 0.63906 0.878649 0.64356 0.919099 0.666 0.986517 0.46546 0.977538 0.47144 0.896637 0.45048 0.912372 0.42654 0.988769 0.40558 0.984264
0 0.68108 0.285976 0.67188 0.280661 0.674 0.243453 0.68392 0.219009 0.70728 0.223273 0.70868 0.26048 0.70302 0.275345 0.72922 0.313604 0.72922 0.365706 0.72072 0.389099 0.71082 0.398649 0.70868 0.434805 0.71436 0.486877 0.7186 0.501772 0.71648 0.513453 0.691 0.536847 0.68532 0.467748 0.7009 0.418859 0.70728 0.394414 0.70374 0.386967 0.71436 0.383784 0.7094 0.341261 0.69666 0.298739 0.68392 0.289159
0 0.2181 0.718378 0.2441 0.727267 0.25534 0.733904 0.26242 0.753453 0.29138 0.825766 0.30676 0.886547 0.30646 0.91006 0.30764 0.938018 0.30734 0.95976 0.30084 0.968649 0.2778 0.972643 0.284 1 0.22608 1 0.15782 1 0.06562 1 0.05172 1 0.04758 0.996156 0.04552 0.991261 0.04344 0.986847 0.03606 0.98994 0.02336 0.976637 0.02218 0.966877 0.01804 0.96021 0.0136 0.947778 0.0071 0.913183 0.0198 0.884775 0.0266 0.869249 0.04552 0.824865 0.05646 0.811111 0.08304 0.770751 0.09842 0.753453 0.1197 0.738348 0.14008 0.721051 0.1318 0.711291 0.12796 0.695315 0.1253 0.67979 0.12382 0.665135 0.12826 0.632312 0.1451 0.60036 0.16048 0.583063 0.18056 0.577718 0.2051 0.584835 0.21396 0.607447 0.2249 0.634084 0.22578 0.673574 0.22134 0.684655 0.21662 0.694865 0.21308 0.704625
0 0.7625 0.997237 0.76486 0.912282 0.7566 0.864474 0.76132 0.80961 0.79432 0.728168 0.8238 0.68036 0.83324 0.648498 0.81202 0.659129 0.83796 0.621952 0.84032 0.577688 0.86272 0.567057 0.86978 0.565285 0.9028 0.593634 0.9252 0.637868 0.91812 0.641411 0.90516 0.673273 0.92284 0.721081 0.92284 0.800751 0.9417 0.88042 0.92992 0.919369 0.91576 0.942372 0.9028 0.997237
0 0.42934 0.836456 0.42816 0.795826 0.42346 0.760511 0.41052 0.721652 0.41404 0.684565 0.41522 0.654565 0.4117 0.603333 0.40464 0.587447 0.40346 0.583934 0.41522 0.543303 0.4117 0.515045 0.43992 0.486787 0.44462 0.488559 0.44816 0.481502 0.45168 0.4497 0.46696 0.432042 0.4752 0.428529 0.49872 0.456757 0.4999 0.486787 0.50932 0.534474 0.5152 0.557417 0.4905 0.58039 0.48932 0.668679 0.50814 0.693423 0.45874 0.739309 0.44344 0.776396
0 0.93084 0.112432 0.94208 0.0711411 0.9521 0.0692492 0.95626 0.0673874 0.9546 0.0598498 0.94792 0.0498498 0.95626 0.0304505 0.96668 0.0285586 0.97126 0.0417117 0.96794 0.0592492 0.96794 0.0654955 0.98002 0.0698799 0.98252 0.0755255 0.9867 0.133093 0.96252 0.126216 0.94876 0.121832
0 0.24364 0.192943 0.24254 0.18961 0.23366 0.188799 0.23366 0.182132 0.23366 0.173784 0.23366 0.171291 0.23366 0.167117 0.22978 0.162132 0.22866 0.157958 0.23088 0.155465 0.23866 0.15045 0.24754 0.147117 0.25364 0.145465 0.26362 0.15045 0.2714 0.162132 0.27084 0.172943 0.26752 0.181291 0.26584 0.186276 0.26696 0.191291 0.27306 0.197958 0.27806 0.19961 0.2836 0.212943 0.2836 0.217958 0.28472 0.22961 0.28416 0.241291 0.28306 0.253784 0.28306 0.255465 0.28028 0.257958 0.27916 0.267117 0.27862 0.277117 0.2775 0.291291 0.27862 0.304625 0.27862 0.312102 0.27694 0.31961 0.27584 0.333784 0.2775 0.352943 0.2775 0.363784 0.2775 0.371291 0.27694 0.383784 0.27528 0.405285 0.27084 0.402793 0.26086 0.397808 0.2603 0.397808 0.2603 0.387808 0.2614 0.379459 0.26196 0.367808 0.26584 0.345285 0.26806 0.334474 0.26806 0.319459 0.26862 0.306126 0.26862 0.303634 0.2614 0.297808 0.26086 0.296126 0.26086 0.289459 0.26196 0.286967 0.26474 0.284474 0.2664 0.275315 0.26752 0.266967 0.26806 0.257808 0.26918 0.2503 0.26974 0.247808 0.27196 0.237808 0.27306 0.245315 0.27306 0.239459 0.2725 0.236126 0.22922 0.236126 0.22866 0.233634 0.23144 0.223634 0.232 0.215315 0.23422 0.2103 0.23644 0.207808 0.23866 0.204474 0.24088 0.2003 0.24254 0.192793
0 0.3974 0.987027 0.39268 0.972883 0.39112 0.965796 0.39584 0.949279 0.39268 0.937508 0.38798 0.93042 0.39268 0.843153 0.39268 0.800721 0.37856 0.711081 0.37226 0.675706 0.35028 0.637958 0.34086 0.616757 0.32358 0.612042 0.31886 0.612042 0.32044 0.595526 0.32044 0.553063 0.31572 0.529489 0.3063 0.508258 0.29374 0.503544 0.27646 0.505886 0.26232 0.517688 0.2529 0.538919 0.25132 0.583724 0.2529 0.604955 0.25132 0.616757 0.23876 0.652132 0.22618 0.685135 0.2199 0.699279 0.22304 0.720511 0.2419 0.722883 0.2576 0.744114 0.2953 0.857297 0.30002 0.902132 0.3173 0.920991 0.32514 0.93985 0.32828 0.954024 0.32672 0.963453 0.31572 0.972883 0.30316 0.968168 0.29216 0.970511 0.28274 0.97994 0.28116 0.989399
0 0.14714 0.424384 0.12782 0.434054 0.11654 0.452192 0.1117 0.483664 0.11332 0.503003 0.11572 0.535676 0.1689 0.540511 0.17614 0.522372 0.1834 0.499369 0.18662 0.483664 0.18742 0.466727 0.18582 0.457027 0.18178 0.447357 0.17614 0.438889 0.15842 0.425586
0 0.01492 0.426517 0.01664 0.424294 0.03226 0.40048 0.03532 0.394354 0.03582 0.385946 0.03328 0.375225 0.03226 0.367568 0.03174 0.353784 0.03072 0.339249 0.03276 0.33006 0.03582 0.326216 0.04754 0.319339 0.05928 0.32009 0.06948 0.324685 0.07354 0.343844 0.07406 0.363724 0.07406 0.370631 0.07508 0.379039 0.0812 0.389009 0.08782 0.398949 0.08834 0.407357 0.08834 0.40967 0.01492 0.426517 0.04196 0.638288 0.02268 0.648288 0.02638 0.720631 0.02936 0.772943 0.03528 0.841952 0.03602 0.851982 0.05382 0.815255 0.06346 0.80967 0.06048 0.766276 0.04788 0.756246 0.0338 0.731772 0.03824 0.690601 0.04566 0.673904 0.04196 0.638288
24 0.76086 0.911231 0.7232 0.863243 0.7677 0.734745 0.80422 0.691892 0.78938 0.736456 0.7563 0.803273
24 0.81068 0.516517 0.78762 0.505495 0.77924 0.431592 0.79076 0.434745 0.80648 0.478769 0.81068 0.516517 0.85048 0.522823 0.83896 0.426877 0.84942 0.423724 0.85886 0.496066 0.85048 0.522823
0 0.1454 0.251411 0.09236 0.242492 0.09146 0.233574 0.09374 0.223964 0.09694 0.215736 0.09922 0.194444 0.10196 0.182793 0.11704 0.180721 0.1271 0.186907 0.13488 0.200631 0.1326 0.226036 0.1303 0.230841 0.13854 0.236997 0.1454 0.247297
0 0.12896 0.436877 0.11558 0.429219 0.13088 0.415826 0.13534 0.411982 0.13278 0.401441 0.12322 0.400511 0.11684 0.402402 0.1194 0.384234 0.1245 0.358378 0.1296 0.354535 0.1398 0.344024 0.15128 0.344024 0.15702 0.338258 0.15766 0.334444 0.15766 0.319129 0.15318 0.312432 0.14426 0.313393 0.13916 0.310511 0.13788 0.288498 0.14618 0.285616 0.15 0.277958 0.15892 0.254024 0.1704 0.251171 0.16338 0.284655 0.17806 0.282763 0.17932 0.282763 0.18954 0.288498 0.19144 0.303814 0.19782 0.326787 0.19464 0.343063 0.20738 0.368919 0.2112 0.388048 0.22396 0.396667 0.22906 0.404324 0.22268 0.429219 0.21248 0.43976 0.20228 0.437838 0.19526 0.43018 0.19846 0.448378 0.1991 0.477087 0.1991 0.48952 0.19718 0.513453 0.19336 0.527808 0.19208 0.528769 0.18762 0.538348 0.1755 0.54027 0.1736 0.539309 0.17168 0.539309 0.1787 0.524955 0.18506 0.48952 0.1889 0.465586 0.18506 0.451231 0.17678 0.435916 0.17232 0.433033 0.16212 0.43018 0.15574 0.426336 0.14426 0.424444 0.1296 0.43018
